11501,2.67835
11502,4.0441
11503,1.38356
11504,1.96643
11505,1.86054
11506,4.30209
11507,2.58514
11508,0.625942
11509,1.20841
11510,0.754293
11511,5.05991
11512,3.39686
11513,2.6236
11514,3.36357
11515,3.66918
11516,2.4577
11517,3.32953
11518,2.88298
11519,3.19605
11520,3.74456
11521,2.9325
11522,1.11375
11523,2.55917
11524,2.88311
11525,2.82975
11526,3.76011
11527,1.61241
11528,4.02465
11529,0.315165
11530,3.57709
11531,2.52042
11532,2.80625
11533,1.38353
11534,2.55296
11535,2.33809
11536,3.75502
11537,2.35464
11538,3.63299
11539,3.29096
11540,4.42074
11541,1.5384
11542,0.766067
11543,4.00929
11544,2.50629
11545,2.05913
11546,4.53788
11547,1.93425
11548,4.04208
11549,3.25521
11550,0.432945
11551,3.4394
11552,3.15679
11553,2.83172
11554,0.919362
11555,3.67074
11556,1.06113
11557,3.84896
11558,3.69277
11559,2.85535
11560,0.992014
11561,1.08121
11562,3.34299
11563,1.55565
11564,1.0245
11565,0.194927
11566,1.30591
11567,4.24786
11568,0.016375
11569,3.48911
11570,2.369
11571,3.21132
11572,2.99158
11573,3.88439
11574,0.559587
11575,4.3208
11576,3.62323
11577,4.1573
11578,1.51506
11579,3.09105
11580,1.04976
11581,4.12692
11582,0.605398
11583,0.46748
11584,2.7354
11585,0.597936
11586,0.751236
11587,2.95149
11588,3.35074
11589,4.04401
11590,3.29703
11591,2.14962
11592,1.15655
11593,3.72844
11594,3.76386
11595,3.09242
11596,3.38021
11597,2.61728
11598,2.90176
11599,0.698384
11600,3.79636
11601,1.04521
11602,3.5788
11603,4.26114
11604,2.68748
11605,2.56721
11606,4.21596
11607,4.05864
11608,0.750403
11609,3.00664
11610,1.87195
11611,2.12399
11612,2.55671
11613,0.875558
11614,4.3412
11615,4.06996
11616,0.854112
11617,0.302345
11618,0.750939
11619,0.464714
11620,2.65176
11621,1.99269
11622,3.34667
11623,3.77717
11624,3.40373
11625,3.85036
11626,0.0488856
11627,2.12379
11628,0.403021
11629,1.27123
11630,3.02016
11631,2.10077
11632,0.83521
11633,1.22231
11634,0.167364
11635,0.202317
11636,0.202074
11637,2.41104
11638,3.28516
11639,2.06124
11640,2.44548
11641,2.02045
11642,0.896757
11643,4.27416
11644,2.20584
11645,0.352452
11646,4.33795
11647,1.72633
11648,1.20108
11649,2.45066
11650,3.24107
11651,3.71108
11652,4.59377
11653,5.06611
11654,2.95982
11655,0.00753596
11656,3.40615
11657,1.13395
11658,1.93559
11659,3.51441
11660,3.2598
11661,0.119461
11662,3.32325
11663,4.80854
11664,4.26313
11665,2.25992
11666,0.975512
11667,2.25556
11668,1.40706
11669,0.493642
11670,0.867768
11671,1.68635
11672,0.926634
11673,0.389727
11674,2.22309
11675,2.5303
11676,2.33047
11677,2.72172
11678,0.230077
11679,3.03321
11680,3.57784
11681,3.7637
11682,3.84358
11683,4.14499
11684,3.16737
11685,2.8696
11686,1.23467
11687,4.15915
11688,3.4728
11689,4.3169
11690,2.32699
11691,3.16828
11692,1.09992
11693,0.367124
11694,2.89887
11695,0.479433
11696,3.45669
11697,3.555
11698,1.48104
11699,1.812
11700,0.107544
11701,4.80854
11702,0.982392
11703,4.09801
11704,2.36553
11705,3.26287
11706,1.53566
11707,3.52373
11708,3.28588
11709,4.46462
11710,3.39806
11711,3.83193
11712,0.0306559
11713,1.67839
11714,1.88034
11715,3.52079
11716,2.95675
11717,4.38892
11718,1.9475
11719,3.01858
11720,2.71683
11721,3.80115
11722,0.745563
11723,4.43629
11724,0.0869696
11725,3.12493
11726,2.67475
11727,0.573028
11728,2.64294
11729,0.140313
11730,2.20661
11731,3.80094
11732,3.34385
11733,2.48039
11734,0.733109
11735,0.946003
11736,2.01742
11737,0.670959
11738,3.52785
11739,0.608714
11740,2.71352
11741,3.55891
11742,2.64364
11743,0.611505
11744,0.115544
11745,3.46744
11746,3.10894
11747,2.45019
11748,0.0631774
11749,4.20993
11750,3.02195
11751,0.919362
11752,4.4976
11753,4.25289
11754,0.14695
11755,1.54209
11756,1.26749
11757,1.27663
11758,0.274521
11759,0.912316
11760,4.13691
11761,-0.0320538
11762,3.79472
11763,0.989135
11764,1.59354
11765,0.832487
11766,2.07823
11767,2.94882
11768,3.93755
11769,3.72358
11770,2.7701
11771,3.1074
11772,3.89759
11773,2.12887
11774,4.79802
11775,0.979336
11776,1.52803
11777,1.30193
11778,0.369333
11779,4.14335
11780,1.48695
11781,0.988974
11782,3.55308
11783,1.98001
11784,4.34108
11785,3.32498
11786,3.72971
11787,2.35478
11788,3.88408
11789,2.5139
11790,0.431732
11791,0.635907
11792,3.09328
11793,3.14513
11794,3.11142
11795,4.80854
11796,2.79031
11797,1.35316
11798,1.35116
11799,2.67643
11800,1.2553
11801,0.110601
11802,2.70305
11803,2.56613
11804,3.93188
11805,4.16573
11806,2.60228
11807,2.05244
11808,4.80854
11809,4.71646
11810,4.1277
11811,1.5569
11812,4.80854
11813,0.652437
11814,2.49517
11815,0.245582
11816,3.89358
11817,0.65393
11818,3.35772
11819,2.39577
11820,0.294939
11821,1.19771
11822,0.52051
11823,1.97502
11824,0.0643212
11825,4.70675
11826,0.581885
11827,1.83274
11828,3.19473
11829,0.656811
11830,0.779812
11831,2.72763
11832,4.86878
11833,4.07652
11834,2.35515
11835,3.61809
11836,3.53038
11837,0.755209
11838,4.14093
11839,1.17194
11840,3.01659
11841,4.48402
11842,0.596082
11843,3.24611
11844,0.88865
11845,2.58248
11846,0.565396
11847,2.97543
11848,4.02279
11849,3.87326
11850,1.38955
11851,2.68466
11852,0.285608
11853,1.3367
11854,0.0664287
11855,4.08653
11856,-0.0712385
11857,0.305031
11858,2.56656
11859,2.46244
11860,3.30647
11861,1.1642
11862,4.25707
11863,3.58443
11864,0.71736
11865,1.44135
11866,2.04338
11867,3.63123
11868,2.67523
11869,2.68276
11870,1.75379
11871,4.01678
11872,2.66532
11873,0.185387
11874,3.47359
11875,3.06929
11876,1.41967
11877,3.29464
11878,2.07812
11879,2.12742
11880,2.94309
11881,3.18961
11882,4.62417
11883,0.256081
11884,1.34523
11885,4.62131
11886,3.4689
11887,0.455493
11888,0.507001
11889,4.41815
11890,4.60609
11891,0.684965
11892,2.70761
11893,4.83405
11894,2.82549
11895,3.78994
11896,2.16125
11897,3.01267
11898,0.402851
11899,3.49484
11900,0.742721
11901,2.52578
11902,4.27334
11903,2.07673
11904,4.45432
11905,1.33695
11906,2.23637
11907,0.968905
11908,0.381654
11909,0.208526
11910,3.46533
11911,2.7123
11912,4.05236
11913,3.60098
11914,4.41705
11915,3.06439
11916,4.30277
11917,1.06714
11918,2.12337
11919,2.10872
11920,0.732161
11921,0.108601
11922,3.27941
11923,0.0643212
11924,2.3835
11925,0.0431298
11926,4.74691
11927,0.109033
11928,2.50569
11929,3.04717
11930,0.644662
11931,1.93705
11932,4.5546
11933,0.31192
11934,2.07268
11935,3.3221
11936,0.661813
11937,2.0648
11938,3.29572
11939,3.45081
11940,2.93209
11941,1.43623
11942,2.74878
11943,3.57429
11944,3.04847
11945,1.05359
11946,3.05792
11947,3.19656
11948,1.50407
11949,1.22947
11950,3.14713
11951,3.27526
11952,3.83532
11953,1.05566
11954,2.51097
11955,3.1886
11956,1.28585
11957,3.30714
11958,1.04175
11959,3.74779
11960,3.82131
11961,1.46368
11962,3.94823
11963,4.29286
11964,2.58611
11965,1.95078
11966,3.44115
11967,3.37805
11968,3.60356
11969,0.554874
11970,4.16402
11971,1.0371
11972,2.23471
11973,2.10335
11974,2.14413
11975,3.98857
11976,3.66379
11977,1.06302
11978,2.41649
11979,1.21349
11980,3.50448
11981,1.06257
11982,0.818132
11983,2.87981
11984,1.44467
11985,4.70412
11986,2.76416
11987,3.95659
11988,3.32652
11989,1.59658
11990,2.39255
11991,4.25396
11992,4.53069
11993,0.0369625
11994,1.09517
11995,0.839364
11996,3.56378
11997,2.4651
11998,0.893766
11999,3.33194
12000,2.8928
12001,2.37743
12002,1.15722
12003,3.80224
12004,3.1805
12005,3.52835
12006,2.94906
12007,3.07598
12008,4.04065
12009,0.385882
12010,0.968653
12011,1.88426
12012,0.203766
12013,2.93414
12014,1.29967
12015,4.19602
12016,0.140002
12017,0.0948717
12018,2.4821
12019,4.39552
12020,1.66612
12021,0.81374
12022,3.28054
12023,5.09989
12024,0.938983
12025,2.23808
12026,3.78411
12027,3.22087
12028,2.87079
12029,2.02621
12030,2.47371
12031,3.8218
12032,0.714412
12033,2.56609
12034,3.41994
12035,3.38883
12036,4.50359
12037,3.03576
12038,1.57782
12039,1.33788
12040,3.56046
12041,1.09452
12042,2.31681
12043,3.96996
12044,4.53812
12045,3.52545
12046,0.0416258
12047,0.22412
12048,2.62404
12049,3.36966
12050,3.83089
12051,0.853315
12052,2.39041
12053,4.13238
12054,3.56497
12055,4.52256
12056,3.28825
12057,0.103844
12058,0.312953
12059,2.38787
12060,2.9287
12061,4.19351
12062,3.69447
12063,3.16047
12064,0.82811
12065,1.44369
12066,3.79536
12067,0.451167
12068,0.0702749
12069,3.32731
12070,2.42701
12071,0.15064
12072,3.86088
12073,1.21562
12074,2.43092
12075,4.80854
12076,0.654376
12077,1.92488
12078,1.51912
12079,0.455773
12080,0.312414
12081,3.90152
12082,1.38372
12083,2.78086
12084,4.29241
12085,2.52928
12086,1.65988
12087,0.0611206
12088,2.17286
12089,3.52363
12090,1.57344
12091,0.656201
12092,1.80028
12093,2.75969
12094,0.0444108
12095,1.59167
12096,1.91647
12097,0.415878
12098,3.69515
12099,0.609983
12100,3.17031
12101,1.80524
12102,2.35855
12103,1.56149
12104,0.391041
12105,0.113062
12106,2.3674
12107,1.61632
12108,3.15026
12109,4.63747
12110,3.93514
12111,3.70529
12112,3.36094
12113,1.70057
12114,2.15362
12115,3.35489
12116,0.776445
12117,0.350035
12118,4.38324
12119,3.682
12120,5.05991
12121,0.305491
12122,3.65876
12123,4.2772
12124,0.137463
12125,3.40299
12126,0.136277
12127,3.65227
12128,3.12222
12129,0.596414
12130,2.82379
12131,0.538346
12132,4.35509
12133,2.37092
12134,4.69711
12135,3.67068
12136,1.04138
12137,0.533982
12138,2.61688
12139,4.80854
12140,3.22359
12141,4.78311
12142,2.13928
12143,1.49354
12144,4.04182
12145,1.00964
12146,4.33804
12147,3.55242
12148,2.84272
12149,0.623897
12150,0.650471
12151,3.23574
12152,1.15024
12153,2.25686
12154,3.23574
12155,4.4438
12156,2.57393
12157,1.92882
12158,2.44498
12159,2.84767
12160,4.18998
12161,2.56954
12162,4.01509
12163,3.12373
12164,1.6709
12165,3.31883
12166,0.985502
12167,1.96402
12168,2.95998
12169,1.14137
12170,2.91415
12171,2.06246
12172,3.54309
12173,1.78869
12174,3.17316
12175,3.10045
12176,0.10453
12177,4.74691
12178,1.31676
12179,3.21022
12180,3.94764
12181,1.4781
12182,4.33795
12183,1.50819
12184,0.217638
12185,3.50015
12186,3.3327
12187,1.87156
12188,2.56613
12189,1.94999
12190,0.440629
12191,2.45822
12192,0.328005
12193,1.3493
12194,2.90825
12195,0.937702
12196,3.5208
12197,2.18513
12198,1.15336
12199,3.48558
12200,0.431515
12201,0.850013
12202,3.51896
12203,2.73382
12204,1.9415
12205,1.552
12206,3.59732
12207,0.774204
12208,4.51034
12209,3.07239
12210,1.34948
12211,0.773555
12212,0.608315
12213,4.16414
12214,5.03439
12215,0.968552
12216,2.3745
12217,3.35036
12218,4.25533
12219,3.59766
12220,5.03029
12221,2.65227
12222,4.4411
12223,1.86033
12224,3.70097
12225,2.71998
12226,4.11175
12227,4.14576
12228,3.27539
12229,3.547
12230,0.171446
12231,1.69352
12232,2.8507
12233,4.77298
12234,3.39829
12235,0.185295
12236,4.10188
12237,0.594392
12238,1.8856
12239,4.80854
12240,0.096325
12241,0.233994
12242,1.89348
12243,2.00756
12244,3.6012
12245,1.87937
12246,0.638422
12247,0.63859
12248,3.13053
12249,3.41562
12250,1.95326
